decision:1
size:0
numberOfTrials:72
numberOfBlocks:3
numberOfInstances:24
reward_amount:[0.01,0.01,0.01,1,2,0.01,2,2,2,1,2,0.01,1,0.01,1,1,0.01,2,0.01,1,2,2,1,1,2,0.01,1,1,1,1,2,2,1,2,1,2,2,0.01,2,0.01,0.01,0.01,2,1,1,0.01,0.01,0.01,1,2,2,0.01,2,0.01,0.01,2,2,0.01,1,1,1,1,0.01,2,0.01,1,0.01,0.01,1,1,2,2]
cost_digits:[8,3,0,593,16873,6,41705,20698,74639,352,98534,1,376,3,129,695,3,86740,5,730,89205,23185,358,197,42837,3,386,164,258,486,69052,59042,149,75234,137,29435,30749,9,53984,7,0,4,25680,804,951,7,0,6,476,50276,23690,5,35190,1,4,95326,19480,2,301,985,704,739,9,05983,0,176,6,6,617,931,02867,95172]
instanceRandomization:[3,22,8,16,7,4,19,10,24,14,20,21,17,15,5,9,11,23,2,6,12,13,18,1,3,20,24,22,2,15,11,17,4,18,13,1,16,14,8,6,12,9,21,10,19,5,7,23,7,6,15,19,4,18,13,5,9,10,8,3,12,11,24,14,16,21,17,1,20,23,2,22]
cost:0
reward:1
