decision:1
size:0
numberOfTrials:72
numberOfBlocks:3
numberOfInstances:24
reward_amount:[0.01,0.01,1,0.01,2,1,2,1,0.01,0.01,0.01,1,0.01,1,2,2,2,1,2,1,2,0.01,2,1,0.01,2,2,1,0.01,0.01,1,1,2,2,2,1,1,0.01,0.01,1,2,1,1,0.01,2,0.01,2,0.01,0.01,0.01,0.01,0.01,2,0.01,1,1,0.01,2,1,0.01,1,0.01,2,1,1,2,1,2,2,1,2,2]
cost_digits:[0,0,486,6,19480,951,75234,258,9,3,0,739,1,617,95326,50276,35190,985,86740,137,20698,9,29435,301,4,69052,41705,593,3,0,164,704,05983,16873,74639,129,176,4,6,197,42837,730,804,1,59042,6,02867,3,5,6,7,3,89205,8,376,386,2,23185,476,5,695,7,25680,931,358,53984,352,95172,23690,149,98534,30749]
instanceRandomization:[12,7,15,17,9,19,18,2,14,22,16,11,21,20,5,6,4,3,23,13,10,24,1,8,13,11,19,16,20,8,22,12,14,7,24,5,21,9,23,1,3,6,10,18,17,4,2,15,2,1,5,11,12,3,17,24,10,13,7,19,9,6,21,23,18,8,14,22,15,4,20,16]
cost:0
reward:1
