decision:1
size:0
numberOfTrials:72
numberOfBlocks:3
numberOfInstances:24
reward_amount:[2,1,1,0.01,0.01,0.01,2,0.01,2,2,1,2,0.01,0.01,0.01,1,2,1,1,1,2,2,1,0.01,1,0.01,0.01,0.01,2,2,1,0.01,2,2,0.01,2,2,2,0.01,1,1,1,2,0.01,1,1,0.01,1,1,0.01,1,1,2,1,2,1,2,2,0.01,0.01,1,0.01,2,0.01,1,2,1,0.01,2,2,0.01,0.01]
cost_digits:[05983,695,376,6,7,2,89205,5,35190,29435,617,30749,3,0,0,258,95326,137,739,985,25680,23690,358,9,149,7,9,4,69052,20698,301,6,42837,98534,1,86740,16873,59042,4,386,486,951,50276,5,164,176,0,593,352,3,804,931,02867,197,23185,476,41705,75234,0,3,704,6,95172,8,730,19480,129,6,74639,53984,1,3]
instanceRandomization:[14,9,17,23,6,10,12,19,4,1,20,16,22,7,8,2,5,13,11,3,21,15,18,24,4,5,14,13,11,10,8,1,3,20,18,23,7,17,9,24,15,19,6,2,22,21,12,16,14,20,10,23,2,1,13,7,19,18,16,11,12,17,22,3,6,9,5,4,24,8,21,15]
cost:0
reward:1
