decision:1
size:0
numberOfTrials:72
numberOfBlocks:3
numberOfInstances:24
reward_amount:[0.01,1,1,0.01,1,0.01,0.01,1,1,2,1,2,1,2,0.01,0.01,2,2,1,2,2,0.01,2,0.01,2,2,1,2,1,1,0.01,1,1,2,2,0.01,2,0.01,0.01,1,0.01,1,0.01,0.01,0.01,1,2,2,2,2,2,0.01,1,1,0.01,1,2,1,2,1,1,0.01,2,0.01,0.01,0.01,0.01,2,0.01,1,1,2]
cost_digits:[2,476,486,3,951,9,7,617,931,30749,386,02867,149,75234,3,7,59042,25680,301,29435,89205,4,23185,8,69052,95172,129,19480,176,985,0,730,593,20698,23690,0,98534,5,4,197,6,352,5,6,6,358,53984,74639,16873,86740,95326,0,258,164,1,695,50276,739,35190,376,704,6,05983,3,1,9,0,41705,3,804,137,42837]
instanceRandomization:[10,7,15,22,19,14,5,20,23,16,24,2,4,18,11,6,17,21,8,1,12,9,13,3,11,22,5,9,21,3,12,6,16,10,15,7,20,2,13,1,17,14,19,4,23,18,8,24,7,23,5,8,2,22,21,9,6,11,4,17,12,1,14,15,18,24,16,19,20,10,13,3]
cost:0
reward:1
