decision:1
size:0
numberOfTrials:72
numberOfBlocks:3
numberOfInstances:24
reward_amount:[0.01,2,0.01,0.01,2,1,1,0.01,2,1,2,2,1,0.01,0.01,1,1,2,0.01,2,0.01,1,1,2,2,0.01,0.01,1,1,0.01,1,2,2,1,2,2,0.01,0.01,2,2,0.01,2,1,1,0.01,0.01,1,1,1,0.01,2,2,0.01,1,1,2,2,0.01,2,0.01,2,1,1,1,0.01,2,1,0.01,1,0.01,0.01,2]
cost_digits:[3,29435,6,8,20698,258,386,4,89205,476,23690,30749,951,4,0,352,176,95172,6,50276,7,617,931,75234,16873,3,5,593,137,6,486,05983,59042,301,25680,74639,3,2,35190,19480,6,95326,358,985,5,7,739,704,129,0,23185,98534,0,164,376,69052,02867,1,53984,0,42837,197,804,695,9,86740,730,3,149,1,9,41705]
instanceRandomization:[11,1,17,3,10,2,24,9,12,7,15,16,19,13,8,14,21,22,4,6,5,20,23,18,7,20,2,16,13,23,15,14,17,8,21,24,22,10,4,9,1,5,18,3,19,6,11,12,5,12,13,20,7,22,17,11,2,21,8,16,3,1,10,9,14,23,6,15,4,18,24,19]
cost:0
reward:1
