decision:1
size:0
numberOfTrials:72
numberOfBlocks:3
numberOfInstances:24
reward_amount:[1,2,2,0.01,0.01,1,0.01,2,1,2,1,1,0.01,1,2,0.01,2,0.01,1,1,0.01,2,0.01,2,0.01,2,0.01,1,2,1,2,0.01,1,0.01,2,1,2,2,1,1,2,1,1,0.01,0.01,0.01,2,0.01,0.01,0.01,1,0.01,1,1,0.01,1,1,2,2,2,2,2,1,1,0.01,0.01,0.01,0.01,2,2,1,2]
cost_digits:[386,29435,19480,5,1,593,5,95172,476,86740,176,129,9,739,89205,7,35190,4,376,985,2,23690,0,98534,6,05983,0,486,74639,137,75234,0,804,3,02867,197,42837,41705,695,931,25680,730,301,7,3,3,59042,0,8,6,164,1,358,617,9,352,258,20698,23185,50276,69052,95326,149,951,6,6,4,3,53984,16873,704,30749]
instanceRandomization:[24,1,9,19,18,16,2,22,7,23,21,5,14,11,12,6,4,13,17,3,10,15,8,20,4,14,7,15,24,13,18,16,10,22,2,1,3,19,9,23,21,6,8,5,11,20,17,12,3,23,22,21,18,20,24,14,2,10,13,6,11,5,4,19,17,1,9,15,8,7,12,16]
cost:0
reward:1
