decision:1
size:0
numberOfTrials:72
numberOfBlocks:3
numberOfInstances:24
reward_amount:[2,2,0.01,2,0.01,0.01,2,0.01,1,2,2,1,1,0.01,1,2,1,0.01,0.01,0.01,2,1,1,1,1,1,0.01,0.01,0.01,2,0.01,1,2,2,2,0.01,1,2,0.01,2,2,0.01,1,0.01,2,1,1,1,1,1,0.01,2,0.01,1,0.01,0.01,0.01,2,1,0.01,2,0.01,2,2,2,1,2,1,2,0.01,1,1]
cost_digits:[95326,20698,3,02867,1,9,89205,6,301,29435,42837,137,376,5,730,23690,695,3,6,3,16873,176,593,352,931,358,4,0,1,59042,0,476,19480,50276,69052,8,486,05983,6,98534,74639,5,951,2,35190,164,704,129,739,386,3,95172,9,197,6,0,7,75234,149,4,53984,0,86740,30749,25680,617,41705,804,23185,7,258,985]
instanceRandomization:[5,10,11,2,18,24,12,23,8,1,3,13,17,19,6,15,9,22,4,20,7,21,16,14,23,18,13,8,21,17,16,7,9,6,11,3,15,14,1,20,24,2,19,10,4,22,12,5,11,24,15,22,14,1,17,7,5,18,4,9,8,12,23,16,21,20,19,10,13,6,2,3]
cost:0
reward:1
