decision:1
size:0
numberOfTrials:72
numberOfBlocks:3
numberOfInstances:24
reward_amount:[2,0.01,1,1,1,2,1,0.01,0.01,1,2,1,0.01,2,2,0.01,2,1,0.01,2,1,2,0.01,0.01,1,2,2,0.01,0.01,1,1,2,1,0.01,1,2,0.01,2,1,0.01,0.01,2,2,0.01,1,0.01,2,1,2,2,2,0.01,0.01,1,1,1,2,0.01,0.01,1,1,0.01,0.01,1,0.01,1,0.01,2,1,2,2,2]
cost_digits:[23690,9,695,301,804,95326,352,6,0,985,02867,730,5,69052,89205,6,29435,593,1,98534,137,95172,1,6,376,75234,42837,5,3,164,129,86740,149,4,476,50276,6,30749,617,9,4,74639,20698,0,739,0,41705,176,35190,05983,25680,3,7,197,704,951,59042,3,0,931,386,2,3,258,7,486,8,16873,358,53984,19480,23185]
instanceRandomization:[15,24,9,8,10,5,14,17,7,3,2,6,19,11,12,23,1,16,18,20,13,22,21,4,17,18,3,2,15,22,5,23,4,9,7,6,1,16,20,14,13,24,10,8,11,12,19,21,4,14,21,22,5,1,12,19,17,20,16,23,24,10,11,2,6,15,3,7,18,8,9,13]
cost:0
reward:1
