decision:1
size:0
numberOfTrials:72
numberOfBlocks:3
numberOfInstances:24
reward_amount:[1,2,1,2,0.01,1,0.01,0.01,0.01,1,0.01,2,0.01,2,1,2,1,2,0.01,2,1,0.01,2,1,1,2,2,2,0.01,1,0.01,0.01,0.01,0.01,2,1,0.01,2,1,2,0.01,1,1,1,2,1,0.01,2,0.01,0.01,0.01,0.01,0.01,1,0.01,1,2,2,1,2,2,1,2,1,2,0.01,0.01,1,1,2,1,2]
cost_digits:[593,23185,301,50276,0,197,6,3,7,376,0,02867,1,98534,164,05983,804,25680,4,42837,951,9,35190,486,931,29435,20698,74639,3,137,5,3,3,6,19480,730,0,41705,985,30749,1,739,704,476,75234,352,6,95326,6,2,0,4,9,176,7,617,95172,53984,129,69052,23690,695,59042,358,86740,5,8,386,258,16873,149,89205]
instanceRandomization:[16,13,8,6,7,1,23,11,5,17,12,2,18,20,22,14,10,21,9,3,19,24,4,15,23,1,10,24,15,13,2,22,20,4,9,6,8,19,3,16,21,11,12,7,18,14,17,5,1,10,16,13,14,21,6,20,22,8,5,11,15,9,17,18,23,19,3,24,2,7,4,12]
cost:0
reward:1
