decision:1
size:0
numberOfTrials:72
numberOfBlocks:3
numberOfInstances:24
reward_amount:[2,1,2,0.01,2,2,0.01,0.01,0.01,1,1,2,1,2,2,1,0.01,1,0.01,0.01,0.01,1,2,1,1,2,0.01,0.01,0.01,2,1,2,0.01,1,1,2,1,2,1,1,2,0.01,0.01,2,0.01,2,0.01,1,0.01,1,2,1,2,2,0.01,0.01,1,0.01,2,1,2,2,2,1,0.01,0.01,1,0.01,0.01,1,2,1]
cost_digits:[35190,258,95326,5,23690,95172,4,7,4,704,376,98534,804,30749,29435,358,0,931,9,0,9,739,25680,985,951,74639,6,6,5,75234,593,05983,6,617,301,16873,129,69052,176,695,50276,8,3,89205,3,20698,6,137,0,352,23185,486,02867,41705,1,1,197,3,19480,730,86740,42837,53984,386,7,2,476,0,3,164,59042,149]
instanceRandomization:[4,2,5,19,15,22,9,6,13,12,17,20,10,16,1,18,7,23,14,8,24,11,21,3,19,24,17,4,2,18,16,14,23,20,8,7,5,11,21,9,6,3,22,12,15,10,1,13,16,14,13,15,2,19,21,18,1,11,9,6,23,3,8,24,5,10,7,12,20,22,17,4]
cost:0
reward:1
