decision:1
size:0
numberOfTrials:72
numberOfBlocks:3
numberOfInstances:24
reward_amount:[0.01,2,0.01,0.01,0.01,1,1,1,2,1,0.01,2,1,1,1,2,2,2,2,2,0.01,0.01,1,0.01,2,2,0.01,0.01,1,2,2,0.01,2,0.01,1,2,1,0.01,1,2,0.01,1,2,0.01,1,1,1,0.01,0.01,1,2,2,0.01,0.01,2,0.01,2,1,0.01,1,2,2,0.01,1,1,2,2,1,0.01,1,0.01,1]
cost_digits:[9,05983,4,6,4,258,476,593,25680,985,3,53984,376,197,804,89205,50276,98534,95326,86740,3,3,358,5,30749,74639,6,1,739,29435,02867,3,23185,0,176,20698,695,0,486,41705,8,149,95172,7,931,352,730,0,1,386,59042,19480,5,2,75234,9,35190,617,6,951,42837,69052,6,137,301,23690,16873,704,7,164,0,129]
instanceRandomization:[24,14,9,4,13,2,7,16,21,3,22,8,17,1,10,12,6,20,5,23,15,11,18,19,16,24,17,18,11,1,2,20,13,7,21,10,9,8,15,19,3,4,22,5,23,14,6,12,21,24,17,9,2,10,18,14,4,20,1,19,3,11,23,13,8,15,7,12,6,22,16,5]
cost:0
reward:1
