decision:1
size:0
numberOfTrials:72
numberOfBlocks:3
numberOfInstances:24
reward_amount:[0.01,1,0.01,0.01,0.01,0.01,1,0.01,2,1,0.01,2,0.01,2,1,2,1,1,1,2,2,2,2,1,1,2,2,0.01,0.01,1,1,2,0.01,0.01,0.01,2,2,0.01,2,1,2,1,0.01,2,1,1,0.01,1,0.01,1,2,0.01,1,0.01,1,2,0.01,1,2,1,2,0.01,0.01,1,0.01,1,2,0.01,2,2,1,2]
cost_digits:[0,358,3,6,3,6,704,9,25680,137,0,05983,3,19480,129,42837,258,376,739,30749,20698,50276,86740,951,164,74639,75234,6,7,593,176,41705,7,6,2,98534,02867,3,35190,476,23185,985,0,53984,486,197,9,695,5,804,59042,1,931,4,386,95326,0,730,29435,617,89205,8,4,149,5,301,16873,1,69052,23690,352,95172]
instanceRandomization:[7,18,22,1,15,4,12,24,21,13,8,14,20,9,5,3,2,17,11,16,10,6,23,19,22,24,18,17,5,16,21,19,6,23,10,20,2,11,4,7,13,3,12,8,15,1,14,9,2,10,17,18,23,9,24,5,16,6,1,20,12,3,13,4,19,8,7,21,11,15,14,22]
cost:0
reward:1
