decision:1
size:0
numberOfTrials:72
numberOfBlocks:3
numberOfInstances:24
reward_amount:[2,1,1,0.01,2,0.01,2,1,0.01,2,0.01,0.01,1,2,2,1,1,0.01,1,0.01,2,1,0.01,2,1,0.01,2,2,2,2,2,1,0.01,2,2,2,1,1,0.01,0.01,1,0.01,0.01,0.01,1,1,0.01,1,2,0.01,1,1,0.01,0.01,0.01,0.01,0.01,2,1,2,2,2,2,1,2,1,0.01,1,2,1,1,0.01]
cost_digits:[02867,486,476,6,35190,5,59042,593,1,42837,1,2,730,98534,23185,164,931,0,129,3,89205,695,9,05983,386,6,41705,25680,86740,30749,69052,258,3,75234,23690,50276,197,704,4,8,352,0,7,3,376,301,4,804,16873,0,137,951,7,0,5,6,3,74639,617,19480,95326,95172,20698,149,29435,739,6,985,53984,358,176,9]
instanceRandomization:[2,15,7,1,4,19,17,16,18,3,21,10,6,20,13,22,23,8,5,11,12,9,24,14,24,4,19,21,23,16,11,2,20,18,15,6,1,12,9,3,14,7,5,22,17,8,13,10,7,16,13,19,6,12,2,23,15,24,20,9,5,22,10,4,1,11,17,3,8,18,21,14]
cost:0
reward:1
