decision:1
size:0
numberOfTrials:72
numberOfBlocks:3
numberOfInstances:24
reward_amount:[0.01,2,1,0.01,1,1,2,1,2,2,0.01,0.01,2,2,0.01,2,0.01,0.01,1,2,1,1,1,0.01,0.01,1,0.01,1,2,0.01,2,0.01,1,2,0.01,1,1,0.01,2,2,2,0.01,1,1,1,2,2,0.01,0.01,0.01,1,2,1,0.01,1,2,2,0.01,2,0.01,2,1,2,1,1,2,2,0.01,1,1,0.01,0.01]
cost_digits:[4,95172,617,5,704,358,05983,985,23690,29435,6,6,50276,69052,5,25680,0,2,593,59042,137,386,129,0,8,739,0,301,89205,9,23185,3,931,35190,1,197,164,9,19480,98534,16873,6,804,951,730,95326,02867,1,3,6,149,41705,258,3,476,75234,20698,7,42837,0,86740,376,30749,695,176,74639,53984,7,352,486,3,4]
instanceRandomization:[9,22,20,19,12,18,14,3,15,1,4,23,6,11,2,21,7,10,16,17,13,24,5,8,3,11,16,8,12,24,13,15,23,4,21,1,22,14,9,20,7,17,10,19,6,5,2,18,22,1,4,19,2,20,7,18,10,6,3,12,23,17,16,9,21,24,8,5,14,15,11,13]
cost:0
reward:1
