decision:1
size:0
numberOfTrials:72
numberOfBlocks:3
numberOfInstances:24
reward_amount:[1,1,2,0.01,0.01,0.01,2,0.01,0.01,2,0.01,2,2,2,0.01,2,1,0.01,2,1,1,1,1,1,2,2,2,1,0.01,0.01,0.01,2,2,1,1,2,1,2,0.01,0.01,1,0.01,1,0.01,1,2,0.01,1,0.01,2,0.01,1,1,1,0.01,2,2,0.01,1,2,2,2,0.01,2,1,1,0.01,1,0.01,2,0.01,1]
cost_digits:[197,176,74639,1,9,0,59042,4,0,69052,4,86740,02867,30749,3,95326,804,7,35190,951,164,985,617,301,98534,75234,25680,704,3,6,0,50276,23690,129,137,16873,695,42837,0,6,352,3,386,6,931,20698,5,258,3,23185,7,730,476,739,8,89205,41705,2,358,53984,29435,05983,9,95172,149,376,5,593,6,19480,1,486]
instanceRandomization:[1,21,24,18,14,12,17,9,7,11,13,23,2,16,15,5,10,6,4,19,22,3,20,8,20,18,21,12,11,4,16,6,15,5,13,7,9,3,8,17,14,22,24,1,23,10,19,2,20,13,5,6,7,11,3,12,19,10,18,8,1,14,24,22,4,17,2,16,23,9,21,15]
cost:0
reward:1
