decision:1
size:0
numberOfTrials:72
numberOfBlocks:3
numberOfInstances:24
reward_amount:[0.01,2,2,0.01,1,0.01,0.01,0.01,2,1,0.01,2,1,1,0.01,1,2,1,1,0.01,2,1,2,2,1,1,1,0.01,2,0.01,2,1,2,2,0.01,1,0.01,2,2,0.01,1,1,1,0.01,2,0.01,2,0.01,0.01,2,1,1,0.01,2,2,1,0.01,0.01,2,1,2,0.01,1,0.01,1,2,2,1,2,0.01,0.01,1]
cost_digits:[8,05983,29435,9,730,3,6,0,41705,931,4,69052,804,358,1,137,23690,593,376,7,89205,476,02867,98534,951,301,386,0,23185,6,95172,486,25680,86740,7,739,5,19480,16873,3,129,149,704,1,20698,6,42837,9,3,59042,985,695,4,35190,30749,258,6,3,95326,176,53984,0,164,2,197,75234,74639,617,50276,0,5,352]
instanceRandomization:[3,14,1,24,6,22,4,8,19,23,9,11,10,18,21,13,15,16,17,5,12,7,2,20,19,8,24,16,13,1,22,15,21,23,6,11,2,9,7,20,5,4,12,18,10,17,3,14,11,17,3,9,13,4,16,2,23,15,5,21,8,7,22,10,1,18,24,20,6,12,19,14]
cost:0
reward:1
