decision:1
size:0
numberOfTrials:72
numberOfBlocks:3
numberOfInstances:24
reward_amount:[2,2,2,0.01,1,0.01,0.01,1,1,2,0.01,2,0.01,1,2,0.01,2,1,0.01,2,1,1,0.01,1,0.01,1,1,2,2,2,0.01,0.01,2,1,0.01,2,1,1,2,0.01,0.01,1,0.01,0.01,2,2,1,1,2,2,0.01,2,1,0.01,0.01,1,0.01,1,1,2,1,2,1,0.01,0.01,2,2,0.01,0.01,2,1,1]
cost_digits:[50276,02867,59042,5,739,1,3,352,695,35190,3,30749,4,804,42837,9,23690,476,7,86740,301,176,6,704,5,137,931,19480,95326,98534,1,9,95172,951,7,53984,593,376,74639,8,3,197,2,3,16873,89205,149,358,69052,20698,6,25680,486,6,0,258,0,617,386,75234,164,05983,730,4,0,23185,29435,0,6,41705,985,129]
instanceRandomization:[6,2,17,19,11,18,20,14,9,4,22,16,13,10,3,24,15,7,5,23,8,21,1,12,2,13,23,9,5,20,21,14,22,19,6,8,16,17,24,3,11,1,10,15,7,12,4,18,11,10,17,21,15,23,12,2,7,20,24,18,22,14,6,9,16,13,1,8,4,19,3,5]
cost:0
reward:1
