decision:1
size:0
numberOfTrials:72
numberOfBlocks:3
numberOfInstances:24
reward_amount:[0.01,0.01,0.01,0.01,2,2,2,1,2,1,0.01,2,1,1,1,2,2,2,0.01,0.01,1,0.01,1,1,0.01,0.01,0.01,2,1,1,2,2,1,2,0.01,1,1,1,1,2,0.01,2,2,1,0.01,0.01,0.01,2,2,1,0.01,0.01,2,0.01,2,1,1,0.01,2,1,0.01,0.01,2,1,0.01,1,2,2,1,0.01,1,2]
cost_digits:[4,0,6,3,30749,20698,29435,730,86740,704,0,02867,164,739,176,95326,74639,41705,1,8,376,9,695,617,3,3,6,05983,476,137,95172,59042,951,35190,0,358,486,804,931,53984,7,42837,50276,386,5,4,0,25680,89205,129,6,5,16873,7,75234,593,301,1,19480,258,3,6,69052,197,9,352,23185,23690,149,2,985,98534]
instanceRandomization:[13,7,4,15,16,10,1,6,23,12,8,2,22,11,21,5,24,19,18,3,17,14,9,20,11,20,1,14,7,13,22,17,19,4,16,18,15,10,23,8,5,3,6,24,2,9,12,21,12,5,23,19,7,6,18,16,8,21,9,2,22,17,11,1,24,14,13,15,4,10,3,20]
cost:0
reward:1
