decision:1
size:0
numberOfTrials:72
numberOfBlocks:3
numberOfInstances:24
reward_amount:[1,0.01,0.01,2,0.01,0.01,1,0.01,1,0.01,2,1,0.01,2,1,2,0.01,1,1,1,2,2,2,2,2,0.01,2,2,0.01,0.01,1,0.01,1,2,0.01,0.01,1,1,0.01,2,0.01,1,1,2,1,1,2,2,2,2,0.01,1,0.01,1,1,0.01,2,0.01,1,1,2,2,1,1,0.01,2,0.01,1,0.01,0.01,2,2]
cost_digits:[386,0,5,86740,5,6,358,3,695,7,89205,739,0,35190,617,23185,3,593,352,985,25680,95326,59042,20698,23690,1,98534,41705,2,0,176,9,301,74639,6,8,137,197,0,19480,7,164,149,69052,476,931,02867,50276,16873,42837,4,376,1,804,258,6,30749,6,730,486,75234,95172,704,951,9,29435,3,129,4,3,53984,05983]
instanceRandomization:[24,7,2,23,19,1,18,15,9,6,12,11,8,4,20,13,22,16,14,3,21,5,17,10,15,18,20,19,10,16,21,14,8,24,17,3,13,1,12,9,5,22,4,11,7,23,2,6,7,3,9,17,21,10,2,4,16,23,6,15,18,22,12,19,24,1,11,5,13,20,8,14]
cost:0
reward:1
