decision:1
size:0
numberOfTrials:72
numberOfBlocks:3
numberOfInstances:24
reward_amount:[0.01,0.01,1,2,0.01,2,0.01,0.01,0.01,1,1,1,1,1,1,1,0.01,2,2,2,2,2,0.01,2,1,0.01,1,2,0.01,0.01,1,1,2,1,2,1,0.01,0.01,1,2,2,2,2,0.01,0.01,1,2,0.01,0.01,0.01,1,2,1,0.01,0.01,2,0.01,1,0.01,0.01,1,2,0.01,2,2,1,2,2,1,1,2,1]
cost_digits:[6,9,376,75234,3,53984,9,7,4,137,730,164,176,739,951,704,6,30749,16873,20698,42837,29435,3,02867,358,5,386,19480,1,3,985,352,41705,197,98534,129,3,6,593,50276,86740,23185,89205,0,2,486,35190,0,8,4,149,95326,301,6,5,05983,0,804,0,7,695,69052,1,25680,59042,258,74639,95172,617,476,23690,931]
instanceRandomization:[4,24,17,18,15,8,14,5,9,13,6,22,21,11,19,12,23,16,7,10,3,1,20,2,18,2,24,9,21,22,3,14,19,1,20,5,11,17,16,6,23,13,12,7,10,15,4,8,3,13,4,5,8,1,19,14,12,10,16,6,9,11,18,21,17,2,24,22,20,7,15,23]
cost:0
reward:1
