decision:1
size:0
numberOfTrials:72
numberOfBlocks:3
numberOfInstances:24
reward_amount:[2,0.01,1,0.01,2,0.01,1,0.01,2,1,0.01,1,1,2,1,0.01,2,0.01,1,1,0.01,2,2,2,1,0.01,0.01,2,0.01,1,2,2,0.01,1,0.01,1,2,2,2,0.01,1,1,0.01,1,0.01,2,1,2,1,2,0.01,2,2,1,1,0.01,0.01,2,0.01,2,2,0.01,2,1,1,1,1,0.01,0.01,2,1,0.01]
cost_digits:[20698,1,931,6,50276,3,386,3,30749,985,5,358,617,19480,704,6,95326,0,137,258,9,59042,16873,95172,739,3,0,75234,0,486,23185,25680,4,804,6,476,35190,42837,86740,3,129,730,5,951,9,53984,197,05983,593,89205,7,23690,02867,176,695,8,4,29435,2,98534,74639,1,69052,149,376,164,352,7,0,41705,301,6]
instanceRandomization:[10,21,23,1,6,11,24,15,16,3,19,18,20,9,12,4,5,8,13,2,14,17,7,22,11,22,12,18,16,15,13,21,9,10,17,7,4,3,23,20,5,6,2,19,24,8,1,14,16,12,5,15,2,21,9,3,13,1,10,20,24,18,11,4,17,22,14,6,7,19,8,23]
cost:0
reward:1
