decision:1
size:0
numberOfTrials:72
numberOfBlocks:3
numberOfInstances:24
reward_amount:[2,1,1,2,0.01,1,1,0.01,0.01,0.01,1,2,2,0.01,0.01,1,1,2,2,2,2,1,0.01,0.01,1,0.01,1,1,2,2,0.01,2,0.01,0.01,0.01,0.01,0.01,1,2,2,2,2,0.01,2,1,1,1,1,1,0.01,1,1,1,0.01,0.01,2,1,2,0.01,0.01,1,2,0.01,0.01,1,2,1,2,2,0.01,2,2]
cost_digits:[02867,358,730,25680,8,804,149,5,3,3,704,29435,30749,9,0,376,352,23185,69052,86740,19480,129,3,0,985,0,739,951,75234,35190,6,98534,7,2,4,9,1,695,59042,74639,50276,16873,0,53984,486,197,258,164,176,1,301,931,593,6,6,42837,386,95172,7,4,137,89205,5,6,617,23690,476,05983,20698,3,41705,95326]
instanceRandomization:[2,18,6,21,3,10,4,19,15,22,12,1,16,24,7,17,14,13,11,23,9,5,20,8,3,16,11,19,18,4,23,20,5,10,13,14,21,9,17,24,6,7,12,8,15,1,2,22,21,18,8,23,16,1,17,3,24,22,6,9,13,12,2,4,20,15,7,14,10,11,19,5]
cost:0
reward:1
