decision:1
size:0
numberOfTrials:72
numberOfBlocks:3
numberOfInstances:24
reward_amount:[0.01,2,2,2,0.01,0.01,0.01,2,1,1,1,2,0.01,0.01,1,2,1,0.01,0.01,1,1,2,2,1,2,1,0.01,1,0.01,0.01,2,0.01,1,0.01,2,2,2,2,0.01,0.01,1,1,0.01,1,1,1,2,2,1,1,0.01,0.01,1,2,1,0.01,0.01,2,1,1,2,2,2,0.01,0.01,1,0.01,2,2,0.01,1,2]
cost_digits:[1,86740,05983,23185,3,5,3,69052,129,301,593,20698,3,0,985,19480,258,6,7,358,704,74639,59042,197,16873,176,9,376,4,0,50276,3,804,9,29435,95326,35190,41705,0,8,617,164,1,695,931,486,02867,30749,739,476,2,6,730,25680,951,6,6,53984,386,352,98534,95172,42837,5,4,137,0,75234,89205,7,149,23690]
instanceRandomization:[21,23,14,13,20,19,22,11,5,8,16,10,15,7,3,9,2,4,6,18,12,24,17,1,7,21,24,17,13,12,6,11,10,14,1,5,4,19,8,3,20,22,18,9,23,15,2,16,11,7,10,17,6,21,19,1,23,8,24,14,20,22,3,2,9,13,16,18,12,5,4,15]
cost:0
reward:1
