decision:1
size:0
numberOfTrials:72
numberOfBlocks:3
numberOfInstances:24
reward_amount:[2,1,1,2,1,0.01,2,0.01,0.01,0.01,1,2,2,0.01,1,0.01,1,2,2,0.01,1,0.01,2,1,1,1,2,1,0.01,0.01,0.01,2,2,1,1,1,0.01,0.01,1,0.01,2,2,2,0.01,0.01,2,2,1,2,1,2,0.01,1,1,1,0.01,2,0.01,0.01,0.01,0.01,1,1,2,2,1,2,2,2,0.01,0.01,1]
cost_digits:[05983,376,176,23690,149,4,29435,7,3,1,258,98534,20698,0,730,9,704,19480,42837,6,301,0,95172,951,739,593,16873,804,0,9,3,89205,75234,695,486,931,7,6,129,6,74639,23185,02867,8,6,25680,41705,164,35190,137,50276,2,197,985,617,5,86740,5,0,3,4,352,358,53984,95326,386,30749,59042,69052,1,3,476]
instanceRandomization:[14,17,21,15,4,13,1,5,11,18,2,20,10,16,6,24,12,9,3,23,8,7,22,19,11,16,7,10,8,14,20,12,18,9,15,23,6,17,5,4,24,13,2,3,1,21,19,22,4,13,6,10,1,3,20,19,23,2,12,22,9,14,18,8,5,24,16,17,11,21,15,7]
cost:0
reward:1
