decision:1
size:0
numberOfTrials:72
numberOfBlocks:3
numberOfInstances:24
reward_amount:[0.01,1,2,2,1,0.01,1,1,2,1,2,0.01,2,1,1,2,2,1,0.01,0.01,0.01,0.01,0.01,2,2,1,0.01,2,2,1,2,0.01,2,1,0.01,0.01,1,0.01,1,2,1,2,1,0.01,1,2,0.01,0.01,2,0.01,1,1,0.01,0.01,2,0.01,1,1,0.01,2,1,1,2,1,2,0.01,2,2,0.01,2,0.01,1]
cost_digits:[7,704,20698,25680,386,3,376,931,53984,476,29435,7,35190,985,358,23690,05983,739,4,3,5,5,4,30749,98534,129,0,16873,19480,258,41705,0,95172,804,0,3,197,9,176,59042,137,75234,730,6,352,69052,6,8,50276,2,486,617,9,1,42837,6,164,951,6,95326,593,695,86740,149,23185,3,02867,89205,0,74639,1,301]
instanceRandomization:[6,12,10,21,24,22,17,23,8,7,1,5,4,3,18,15,14,11,13,20,2,19,9,16,20,5,8,7,9,2,19,12,22,10,16,15,1,24,21,17,13,18,6,4,14,11,23,3,6,10,15,20,14,18,3,17,22,19,1,5,16,9,23,4,13,11,2,12,7,24,21,8]
cost:0
reward:1
