decision:1
size:0
numberOfTrials:72
numberOfBlocks:3
numberOfInstances:24
reward_amount:[2,2,0.01,2,0.01,2,0.01,1,1,2,2,2,1,1,0.01,0.01,0.01,0.01,2,1,0.01,1,1,1,1,2,1,1,2,1,1,0.01,2,2,1,2,2,0.01,0.01,0.01,0.01,0.01,0.01,1,0.01,2,2,1,2,0.01,2,1,0.01,1,1,2,0.01,0.01,1,0.01,1,2,0.01,0.01,1,0.01,2,2,1,2,2,1]
cost_digits:[02867,23185,3,50276,6,75234,0,352,164,19480,53984,20698,739,985,7,6,0,3,41705,386,6,931,704,176,376,95326,593,149,98534,258,137,1,23690,74639,804,89205,05983,1,3,0,7,6,3,951,4,42837,29435,476,35190,0,59042,486,5,358,301,95172,9,2,695,9,730,25680,8,4,197,5,86740,16873,129,69052,30749,617]
instanceRandomization:[2,13,15,6,4,18,7,14,22,9,8,10,11,3,5,1,16,20,19,24,17,23,12,21,17,5,16,4,20,2,13,21,15,24,10,12,14,18,11,8,6,23,22,19,9,3,1,7,4,12,17,15,19,18,8,22,14,10,9,24,6,21,3,13,1,2,23,7,5,11,16,20]
cost:0
reward:1
