decision:1
size:0
numberOfTrials:72
numberOfBlocks:3
numberOfInstances:24
reward_amount:[1,0.01,0.01,0.01,1,1,2,1,2,2,0.01,0.01,1,2,1,0.01,1,0.01,2,2,1,0.01,2,2,0.01,0.01,2,2,0.01,1,1,0.01,1,1,2,0.01,0.01,2,2,0.01,0.01,1,1,1,1,2,2,2,0.01,0.01,2,2,1,0.01,2,1,2,2,2,0.01,0.01,2,1,1,0.01,0.01,0.01,1,2,1,1,1]
cost_digits:[730,1,3,6,476,739,05983,985,02867,53984,7,3,376,86740,164,0,593,9,20698,25680,197,5,23185,19480,8,6,89205,30749,0,129,358,3,258,695,41705,3,0,29435,59042,1,2,137,617,486,352,74639,50276,35190,6,0,75234,16873,704,7,69052,931,23690,95326,98534,4,6,95172,951,149,4,9,5,386,42837,176,301,804]
instanceRandomization:[6,18,20,4,7,11,14,3,2,8,5,15,17,23,22,12,16,24,10,21,1,19,13,9,3,23,12,16,8,5,18,11,2,9,19,22,7,1,17,21,10,13,20,15,14,24,6,4,17,16,18,7,12,6,11,23,15,5,20,9,1,22,19,4,13,14,2,24,3,21,8,10]
cost:0
reward:1
