decision:1
size:0
numberOfTrials:72
numberOfBlocks:3
numberOfInstances:24
reward_amount:[2,0.01,1,0.01,0.01,0.01,0.01,0.01,2,2,2,1,2,1,0.01,1,2,1,2,2,1,0.01,1,1,2,0.01,1,2,2,1,1,0.01,0.01,1,0.01,0.01,0.01,1,2,2,1,2,0.01,1,0.01,2,2,1,0.01,0.01,2,0.01,0.01,0.01,2,1,1,2,1,2,1,0.01,2,1,0.01,1,1,2,2,1,0.01,2]
cost_digits:[95172,5,137,7,0,1,9,3,02867,86740,59042,985,20698,197,4,352,95326,476,75234,98534,149,0,739,593,19480,6,617,25680,69052,730,164,6,7,358,4,6,0,486,16873,29435,301,05983,2,258,8,74639,41705,704,3,9,89205,3,3,1,42837,386,931,30749,129,23690,176,0,23185,695,6,376,951,53984,50276,804,5,35190]
instanceRandomization:[22,19,13,6,8,21,24,15,2,23,17,3,10,1,9,14,5,7,18,20,4,12,11,16,9,4,20,21,11,6,22,23,5,18,13,17,16,15,7,1,8,14,10,2,3,24,19,12,22,14,12,11,20,18,3,24,23,16,5,15,21,7,13,9,1,17,19,8,6,10,2,4]
cost:0
reward:1
