decision:1
size:0
numberOfTrials:72
numberOfBlocks:3
numberOfInstances:24
reward_amount:[1,0.01,0.01,2,1,2,2,1,2,1,1,0.01,0.01,2,2,0.01,1,0.01,2,2,0.01,0.01,1,1,1,0.01,0.01,2,2,2,1,0.01,1,0.01,1,2,0.01,1,0.01,1,0.01,0.01,2,2,2,1,1,2,0.01,0.01,2,1,0.01,2,2,2,1,0.01,2,1,0.01,1,0.01,1,1,2,1,0.01,1,2,2,0.01]
cost_digits:[301,7,3,35190,376,86740,42837,176,29435,695,951,7,5,16873,23185,0,352,9,23690,89205,2,1,617,739,486,6,0,50276,19480,98534,258,9,137,0,985,74639,6,358,0,931,1,6,69052,20698,95326,164,593,41705,4,8,02867,704,3,05983,95172,25680,804,3,53984,129,5,476,6,386,149,75234,730,4,197,30749,59042,3]
instanceRandomization:[8,5,22,4,17,23,3,21,1,9,19,6,2,7,13,16,14,24,15,12,10,18,20,11,15,17,8,6,9,20,2,14,13,7,3,24,1,18,12,23,21,4,11,10,5,22,16,19,9,3,2,12,20,14,22,21,10,11,8,5,19,7,23,24,4,18,6,13,1,16,17,15]
cost:0
reward:1
