decision:1
size:0
numberOfTrials:72
numberOfBlocks:3
numberOfInstances:24
reward_amount:[2,0.01,0.01,2,0.01,0.01,1,1,0.01,1,1,1,0.01,0.01,2,2,1,2,1,2,2,2,0.01,1,1,0.01,2,0.01,2,1,2,1,0.01,0.01,2,2,1,1,0.01,0.01,1,2,2,0.01,0.01,1,2,1,1,2,1,2,0.01,2,2,0.01,2,1,1,1,0.01,2,0.01,1,0.01,1,1,0.01,2,0.01,0.01,2]
cost_digits:[19480,4,7,35190,0,9,951,931,5,593,730,197,1,3,42837,53984,176,74639,804,98534,23690,89205,6,164,386,6,86740,0,25680,617,59042,301,3,8,20698,05983,137,739,0,5,695,50276,95326,3,6,258,16873,358,352,75234,149,29435,0,41705,69052,3,02867,476,704,985,4,30749,6,129,7,486,376,1,23185,2,9,95172]
instanceRandomization:[9,13,5,4,7,14,19,23,2,16,6,1,18,11,3,8,21,24,10,20,15,12,17,22,24,4,23,12,21,20,17,8,15,3,10,14,13,11,16,19,9,6,5,22,1,2,7,18,14,18,4,1,8,19,11,20,2,7,12,3,9,16,23,5,6,15,17,21,13,10,24,22]
cost:0
reward:1
