decision:1
size:0
numberOfTrials:72
numberOfBlocks:3
numberOfInstances:24
reward_amount:[2,2,1,1,2,1,0.01,0.01,2,2,0.01,0.01,0.01,0.01,1,1,2,0.01,0.01,1,1,1,2,2,2,2,0.01,1,1,1,2,2,2,0.01,2,0.01,2,1,0.01,1,0.01,0.01,1,1,1,0.01,0.01,2,1,2,1,2,1,1,2,1,0.01,2,0.01,0.01,2,0.01,1,0.01,2,0.01,0.01,1,0.01,2,2,1]
cost_digits:[50276,95172,129,951,19480,258,4,6,16873,98534,0,6,3,6,985,149,30749,9,3,176,301,352,20698,75234,25680,23690,1,593,704,804,41705,35190,05983,0,29435,5,86740,476,8,376,3,7,386,137,164,4,7,69052,739,74639,617,53984,197,358,42837,931,0,59042,1,5,02867,0,730,3,23185,6,9,695,2,89205,95326,486]
instanceRandomization:[6,22,5,19,9,2,13,1,7,20,12,23,11,17,3,4,16,24,15,21,8,14,10,18,21,15,18,16,12,10,19,4,14,8,1,2,23,7,3,17,20,5,24,13,22,9,6,11,11,24,20,8,1,18,3,23,7,17,21,19,2,16,6,22,13,4,14,9,10,12,5,15]
cost:0
reward:1
