decision:1
size:0
numberOfTrials:72
numberOfBlocks:3
numberOfInstances:24
reward_amount:[2,1,2,0.01,0.01,1,1,1,0.01,2,0.01,1,0.01,0.01,2,0.01,1,1,2,2,2,1,0.01,2,1,2,0.01,2,0.01,1,0.01,1,1,2,2,0.01,0.01,2,0.01,1,1,2,0.01,2,0.01,1,1,2,0.01,1,2,0.01,2,2,1,0.01,2,0.01,0.01,1,1,1,2,1,1,1,0.01,2,2,0.01,2,0.01]
cost_digits:[95326,358,23690,9,3,176,951,617,0,59042,2,695,5,6,16873,7,704,301,42837,23185,05983,739,6,29435,164,86740,0,69052,0,804,5,137,149,19480,98534,1,9,74639,3,197,593,53984,1,02867,8,129,376,50276,4,985,25680,7,30749,95172,386,6,35190,3,0,258,730,476,20698,352,486,931,6,41705,75234,3,89205,4]
instanceRandomization:[5,18,15,24,22,21,19,20,16,17,10,9,2,4,7,6,12,8,3,13,14,11,23,1,22,23,12,11,7,10,19,13,4,9,20,21,14,24,15,1,16,8,18,2,3,5,17,6,13,3,21,5,16,22,24,17,4,11,8,2,6,7,10,14,15,23,1,19,18,20,12,9]
cost:0
reward:1
