decision:1
size:0
numberOfTrials:72
numberOfBlocks:3
numberOfInstances:24
reward_amount:[2,1,0.01,0.01,0.01,2,2,2,1,0.01,2,1,0.01,1,1,0.01,1,2,1,2,2,1,0.01,0.01,2,2,2,2,0.01,0.01,0.01,1,0.01,1,1,1,2,2,0.01,0.01,0.01,1,1,1,1,2,0.01,2,0.01,1,2,0.01,1,0.01,1,1,2,2,2,0.01,1,0.01,2,1,2,2,1,0.01,0.01,0.01,2,1]
cost_digits:[50276,149,4,0,6,05983,41705,69052,358,6,74639,476,2,176,593,4,258,95326,486,95172,42837,704,3,6,86740,16873,59042,23690,7,3,1,197,9,617,951,164,23185,02867,0,6,0,301,804,352,985,19480,7,25680,8,137,20698,3,931,9,376,730,89205,30749,98534,5,739,5,29435,386,35190,53984,695,0,1,3,75234,129]
instanceRandomization:[6,4,13,8,17,14,19,11,18,1,24,7,10,21,16,9,2,5,15,22,3,12,20,23,23,7,17,15,5,11,18,1,24,20,19,22,13,2,12,4,16,8,10,14,3,9,6,21,3,13,10,15,23,14,17,6,12,16,20,2,11,19,1,24,4,8,9,7,21,22,18,5]
cost:0
reward:1
