decision:1
size:0
numberOfTrials:72
numberOfBlocks:3
numberOfInstances:24
reward_amount:[0.01,0.01,0.01,2,1,2,1,2,0.01,0.01,1,0.01,1,1,1,1,1,2,2,0.01,2,2,2,0.01,0.01,0.01,2,2,2,1,2,2,0.01,0.01,1,2,1,0.01,1,2,1,1,0.01,1,0.01,2,1,0.01,2,1,2,0.01,1,0.01,0.01,2,1,2,0.01,1,1,2,2,1,1,0.01,2,0.01,0.01,1,0.01,2]
cost_digits:[4,3,8,75234,376,25680,931,74639,7,4,301,3,476,197,951,739,704,35190,20698,0,05983,95326,02867,3,9,7,16873,98534,53984,486,29435,19480,1,0,352,50276,985,6,164,23185,149,593,3,804,1,41705,258,6,42837,176,30749,5,358,5,0,59042,695,86740,2,617,730,95172,69052,137,129,6,23690,6,0,386,9,89205]
instanceRandomization:[13,20,3,18,17,21,23,24,6,9,8,22,7,1,19,11,12,4,10,16,14,5,2,15,24,5,7,20,8,15,1,9,18,12,14,6,3,23,22,13,4,16,11,10,21,19,2,17,3,21,16,2,18,19,8,17,9,23,10,20,6,22,11,13,5,4,15,1,7,24,14,12]
cost:0
reward:1
