decision:1
size:0
numberOfTrials:72
numberOfBlocks:3
numberOfInstances:24
reward_amount:[1,1,2,0.01,1,0.01,2,0.01,0.01,1,2,2,0.01,1,0.01,0.01,1,0.01,1,1,2,2,2,2,2,2,0.01,0.01,2,0.01,0.01,1,1,2,2,0.01,1,0.01,1,2,2,2,1,1,1,1,0.01,0.01,0.01,2,2,2,2,1,1,0.01,2,0.01,0.01,1,0.01,1,1,2,0.01,1,0.01,1,0.01,1,2,2]
cost_digits:[149,931,23185,5,695,8,50276,3,6,739,20698,95326,3,176,0,0,258,1,617,352,74639,16873,29435,30749,86740,98534,0,4,75234,9,7,804,376,25680,42837,5,137,6,386,69052,23690,53984,164,951,704,593,7,6,6,59042,41705,02867,05983,730,129,3,35190,9,3,358,2,301,476,89205,4,486,1,197,0,985,19480,95172]
instanceRandomization:[4,23,13,19,9,3,6,15,17,11,10,5,22,21,12,8,2,18,20,14,24,7,1,16,23,20,7,9,18,14,6,10,17,21,3,2,13,4,24,11,15,8,22,19,12,16,5,1,23,17,19,2,14,6,5,20,4,24,11,18,10,8,7,12,13,15,21,1,16,3,9,22]
cost:0
reward:1
