decision:1
size:0
numberOfTrials:72
numberOfBlocks:3
numberOfInstances:24
reward_amount:[2,0.01,0.01,1,1,2,1,0.01,2,2,0.01,1,2,2,2,0.01,0.01,0.01,2,1,0.01,1,1,1,2,1,1,0.01,2,1,0.01,2,1,2,2,1,1,1,2,2,0.01,2,0.01,0.01,0.01,0.01,0.01,1,0.01,1,1,1,2,1,2,2,2,0.01,0.01,1,1,2,0.01,0.01,0.01,1,0.01,2,0.01,2,2,1]
cost_digits:[05983,5,0,704,129,41705,739,7,74639,35190,0,176,19480,75234,59042,3,6,3,23690,593,8,804,931,137,69052,386,951,1,23185,476,2,86740,352,53984,02867,730,985,486,95172,95326,0,98534,6,6,4,0,1,197,9,376,149,301,16873,617,30749,25680,29435,3,4,358,695,50276,9,5,7,164,3,42837,6,89205,20698,258]
instanceRandomization:[14,2,7,12,5,19,11,6,24,4,8,21,9,18,17,20,1,22,15,16,3,10,23,13,11,24,19,18,13,7,10,23,14,8,2,6,3,15,22,5,16,20,17,4,9,12,21,1,24,17,4,8,7,20,16,21,1,11,13,18,9,6,14,19,5,22,15,3,23,12,10,2]
cost:0
reward:1
