decision:1
size:0
numberOfTrials:72
numberOfBlocks:3
numberOfInstances:24
reward_amount:[2,1,2,1,2,0.01,1,0.01,2,2,1,1,0.01,0.01,2,0.01,1,0.01,1,2,1,2,0.01,0.01,0.01,2,2,0.01,2,1,2,1,0.01,1,0.01,2,0.01,1,0.01,2,1,2,0.01,1,1,2,1,0.01,1,2,0.01,2,2,0.01,2,0.01,0.01,1,0.01,2,0.01,1,1,0.01,0.01,2,1,1,1,1,2,2]
cost_digits:[16873,352,95326,985,50276,4,593,1,53984,59042,931,358,6,2,29435,9,739,3,486,89205,951,23185,3,5,0,75234,86740,7,25680,476,95172,137,3,804,6,05983,5,704,6,30749,129,35190,8,617,258,74639,695,3,301,19480,1,20698,69052,0,23690,0,7,386,4,98534,6,376,149,0,9,02867,176,730,197,164,42837,41705]
instanceRandomization:[7,14,5,3,6,9,16,21,8,17,23,18,4,10,1,24,11,22,15,12,19,13,20,2,8,18,23,6,21,7,22,13,11,10,17,14,19,12,1,16,5,4,3,20,2,24,9,15,8,9,18,10,11,16,15,7,5,24,13,20,23,17,4,12,14,2,21,6,1,22,3,19]
cost:0
reward:1
