decision:1
size:0
numberOfTrials:72
numberOfBlocks:3
numberOfInstances:24
reward_amount:[2,0.01,1,0.01,2,0.01,2,2,2,0.01,0.01,2,1,2,0.01,1,1,0.01,1,1,1,1,0.01,2,2,0.01,2,2,1,0.01,1,2,2,2,0.01,0.01,0.01,1,1,0.01,0.01,1,2,2,1,1,1,0.01,1,2,0.01,0.01,1,2,1,0.01,0.01,2,2,2,2,0.01,1,1,2,2,0.01,0.01,0.01,1,1,1]
cost_digits:[02867,2,617,0,74639,0,95172,95326,23185,1,7,23690,376,42837,9,358,149,0,695,951,739,931,6,30749,86740,5,75234,59042,301,3,985,25680,89205,35190,4,4,7,804,486,5,3,352,50276,16873,593,386,197,3,704,29435,1,0,129,20698,476,6,6,41705,19480,98534,69052,8,137,164,53984,05983,9,6,3,176,730,258]
instanceRandomization:[2,10,20,7,24,12,22,5,13,21,6,15,17,3,14,18,4,8,9,19,11,23,1,16,23,19,18,17,8,11,3,21,12,4,13,9,5,10,15,2,22,14,6,7,16,24,1,20,12,1,18,16,5,10,7,23,4,19,9,20,11,3,13,22,8,14,24,17,15,21,6,2]
cost:0
reward:1
