decision:1
size:0
numberOfTrials:72
numberOfBlocks:3
numberOfInstances:24
reward_amount:[2,0.01,0.01,1,2,0.01,0.01,1,0.01,1,2,1,1,1,2,0.01,0.01,2,1,2,1,2,2,0.01,0.01,1,2,2,1,1,0.01,2,1,0.01,1,2,1,2,0.01,1,0.01,2,0.01,2,0.01,2,0.01,1,0.01,2,1,1,1,0.01,1,0.01,0.01,2,2,2,2,1,0.01,0.01,1,1,2,0.01,2,0.01,2,1]
cost_digits:[29435,1,8,704,20698,3,5,486,3,149,59042,352,951,129,74639,4,0,86740,476,50276,593,69052,75234,4,7,376,23690,35190,164,695,6,23185,258,0,730,42837,617,53984,9,931,3,25680,9,30749,5,16873,1,804,6,41705,301,176,386,0,137,0,7,19480,89205,02867,98534,739,2,3,985,197,05983,6,95172,6,95326,358]
instanceRandomization:[1,21,3,12,10,20,2,15,22,4,17,14,19,5,24,13,8,23,7,6,16,11,18,9,5,17,15,4,22,9,1,13,2,12,6,3,20,8,14,23,11,21,24,16,19,7,18,10,23,19,8,21,24,16,13,7,6,9,12,2,20,11,10,15,3,1,14,17,22,4,5,18]
cost:0
reward:1
