decision:1
size:0
numberOfTrials:72
numberOfBlocks:3
numberOfInstances:24
reward_amount:[0.01,1,2,0.01,2,2,1,2,0.01,0.01,0.01,0.01,1,1,1,1,2,0.01,2,2,0.01,1,1,2,1,0.01,2,1,0.01,2,1,0.01,0.01,2,0.01,0.01,2,2,2,1,1,2,0.01,1,1,0.01,2,1,2,1,0.01,1,0.01,0.01,2,0.01,0.01,1,0.01,2,0.01,2,1,2,1,1,0.01,1,2,2,2,1]
cost_digits:[0,593,42837,6,25680,19480,258,16873,5,9,7,9,739,617,486,704,59042,6,50276,20698,4,149,164,75234,951,1,95326,931,1,30749,386,0,5,23185,6,3,05983,35190,95172,476,804,29435,3,730,695,8,23690,301,74639,137,2,985,3,0,98534,0,3,358,4,41705,7,89205,197,69052,352,376,6,129,86740,02867,53984,176]
instanceRandomization:[8,16,3,1,21,9,2,7,19,14,5,24,11,20,15,12,17,23,6,10,13,4,22,18,19,18,5,23,21,16,24,12,2,13,17,20,14,4,22,7,10,1,11,6,9,3,15,8,24,13,10,3,22,16,20,7,15,18,9,19,6,12,1,11,14,17,4,5,23,2,8,21]
cost:0
reward:1
