decision:1
size:0
numberOfTrials:72
numberOfBlocks:3
numberOfInstances:24
reward_amount:[0.01,0.01,2,2,1,2,1,1,0.01,0.01,1,0.01,1,2,0.01,0.01,2,1,1,0.01,2,2,2,1,0.01,0.01,0.01,1,2,2,0.01,0.01,2,2,2,0.01,0.01,2,1,0.01,1,2,1,2,1,1,1,1,2,2,2,1,1,2,2,0.01,0.01,2,1,2,1,2,0.01,0.01,1,0.01,0.01,0.01,1,0.01,1,1]
cost_digits:[3,9,86740,95326,951,42837,486,730,4,0,258,4,593,05983,6,2,29435,376,476,3,95172,53984,25680,358,7,3,0,197,16873,20698,0,5,23185,35190,50276,1,9,59042,386,5,985,23690,617,89205,695,176,739,931,98534,02867,74639,129,301,30749,41705,3,1,75234,164,19480,149,69052,6,7,137,6,0,8,804,6,704,352]
instanceRandomization:[20,24,23,5,19,3,15,6,13,12,2,9,16,14,4,10,1,17,7,11,22,8,21,18,5,22,16,1,7,10,8,2,13,4,6,18,14,17,24,19,3,15,20,12,9,21,11,23,20,2,24,5,8,16,19,15,21,18,22,9,4,11,17,6,13,23,7,3,10,1,12,14]
cost:0
reward:1
