decision:1
size:0
numberOfTrials:72
numberOfBlocks:3
numberOfInstances:24
reward_amount:[2,0.01,0.01,1,2,1,2,1,1,0.01,2,1,1,2,0.01,0.01,1,0.01,0.01,2,2,2,1,0.01,0.01,0.01,2,2,1,1,2,2,0.01,1,2,1,1,2,0.01,0.01,1,0.01,1,0.01,1,2,0.01,2,0.01,2,0.01,1,0.01,2,1,2,1,0.01,1,2,1,0.01,0.01,1,2,0.01,1,0.01,2,1,2,2]
cost_digits:[19480,7,5,804,69052,301,59042,149,704,9,16873,129,137,95172,6,1,176,3,3,74639,02867,42837,593,6,3,1,95326,89205,164,358,41705,30749,6,985,23690,386,617,29435,2,0,352,4,931,0,258,35190,4,50276,0,53984,3,730,6,86740,476,25680,376,7,695,20698,739,5,8,197,75234,0,951,9,98534,486,05983,23185]
instanceRandomization:[9,6,19,10,11,8,17,4,12,14,7,5,13,22,23,18,21,20,15,24,2,3,16,1,11,21,5,12,22,18,19,16,17,3,15,24,20,1,10,7,14,13,23,8,2,4,9,6,16,8,22,6,4,23,7,21,17,5,9,10,11,2,3,1,18,12,19,24,20,15,14,13]
cost:0
reward:1
