decision:1
size:0
numberOfTrials:72
numberOfBlocks:3
numberOfInstances:24
reward_amount:[1,1,2,1,0.01,0.01,0.01,1,2,2,1,1,0.01,2,0.01,1,0.01,1,2,2,2,2,0.01,0.01,0.01,0.01,0.01,2,0.01,1,2,2,1,0.01,2,0.01,1,1,1,2,2,0.01,1,2,0.01,1,1,2,2,1,2,2,1,1,0.01,0.01,2,0.01,2,0.01,2,2,1,0.01,1,0.01,1,0.01,2,1,1,0.01]
cost_digits:[358,164,35190,137,3,0,1,931,05983,50276,951,476,2,42837,6,129,3,695,23690,02867,59042,89205,0,9,0,6,5,29435,6,352,86740,98534,739,4,23185,1,730,301,258,95172,25680,8,386,95326,0,593,486,20698,16873,985,74639,75234,804,149,3,3,19480,7,30749,9,53984,69052,704,5,376,6,176,4,41705,197,617,7]
instanceRandomization:[18,22,4,13,20,16,21,23,14,6,19,7,10,3,1,5,11,9,15,2,17,12,8,24,7,4,19,1,17,14,23,20,11,9,13,18,6,8,2,22,21,3,24,5,12,16,15,10,7,3,24,18,10,4,15,22,9,6,16,14,8,11,12,2,17,23,21,13,19,1,20,5]
cost:0
reward:1
