decision:1
size:0
numberOfTrials:72
numberOfBlocks:3
numberOfInstances:24
reward_amount:[0.01,2,2,1,2,1,2,0.01,0.01,1,0.01,2,1,0.01,0.01,1,0.01,2,1,1,0.01,2,1,2,1,0.01,2,2,1,2,1,1,0.01,0.01,0.01,2,1,2,1,0.01,2,0.01,0.01,1,1,2,2,0.01,1,2,1,1,0.01,1,0.01,0.01,2,1,2,1,2,1,0.01,1,0.01,2,2,0.01,2,2,0.01,0.01]
cost_digits:[8,59042,23185,804,95172,951,69052,0,9,386,3,29435,301,7,4,258,1,75234,486,149,6,50276,593,16873,352,6,86740,20698,164,23690,695,739,5,5,7,42837,129,53984,176,4,89205,6,0,358,197,74639,98534,0,985,30749,931,617,2,730,0,3,02867,137,19480,704,25680,376,3,476,3,95326,41705,9,35190,05983,1,6]
instanceRandomization:[3,17,13,10,22,19,11,12,14,24,20,1,8,5,9,2,21,18,15,4,23,6,16,7,14,17,23,10,22,15,9,11,2,19,6,3,5,8,21,13,12,4,7,18,1,24,20,16,3,16,23,20,10,6,8,15,2,13,9,12,21,17,22,7,11,5,19,24,4,14,18,1]
cost:0
reward:1
