decision:1
size:0
numberOfTrials:72
numberOfBlocks:3
numberOfInstances:24
reward_amount:[2,1,1,1,2,1,2,1,2,2,0.01,2,2,0.01,1,0.01,2,0.01,0.01,0.01,1,1,0.01,0.01,0.01,2,1,0.01,0.01,0.01,1,1,1,1,0.01,0.01,2,2,2,2,2,0.01,1,2,1,0.01,1,2,0.01,2,2,2,0.01,0.01,0.01,1,2,1,0.01,2,0.01,0.01,1,1,1,1,2,2,2,1,0.01,1]
cost_digits:[41705,593,985,486,98534,376,23185,804,19480,29435,7,16873,69052,1,149,0,86740,5,9,7,352,164,1,0,3,05983,137,0,6,6,386,617,176,704,2,6,23690,42837,53984,95172,50276,5,129,02867,695,6,476,75234,4,89205,59042,74639,8,0,4,730,30749,951,3,95326,9,3,358,739,931,197,20698,25680,35190,301,3,258]
instanceRandomization:[19,16,3,15,20,17,13,10,9,1,5,7,11,18,4,12,23,2,24,6,14,22,21,8,11,14,13,16,17,23,24,20,21,12,10,4,15,3,8,22,6,19,5,2,9,1,7,18,13,12,17,24,3,7,9,6,16,19,15,5,14,22,18,11,23,1,10,21,4,8,20,2]
cost:0
reward:1
