decision:1
size:0
numberOfTrials:72
numberOfBlocks:3
numberOfInstances:24
reward_amount:[1,2,1,0.01,1,0.01,0.01,1,2,2,0.01,1,0.01,0.01,0.01,2,1,2,2,1,1,2,0.01,2,1,0.01,2,2,1,1,2,1,1,0.01,1,1,0.01,0.01,0.01,0.01,0.01,2,2,2,2,2,1,0.01,1,2,1,0.01,1,2,2,2,0.01,2,0.01,1,2,0.01,1,0.01,0.01,1,2,1,1,0.01,0.01,2]
cost_digits:[176,59042,129,3,730,6,4,476,35190,53984,9,486,9,5,2,69052,617,89205,75234,137,593,42837,5,86740,695,6,05983,16873,301,149,25680,358,258,0,197,985,6,7,0,4,3,74639,20698,50276,98534,95172,951,3,804,02867,376,8,386,30749,29435,41705,1,19480,0,931,95326,6,164,7,3,352,23690,704,739,0,1,23185]
instanceRandomization:[21,17,5,22,6,1,9,7,4,8,24,15,14,2,10,11,20,12,18,13,16,3,19,23,9,23,14,7,8,4,21,18,2,12,1,3,17,5,16,13,11,24,10,6,20,22,19,15,10,2,17,3,24,16,1,19,18,9,8,23,5,4,22,6,20,14,15,12,11,7,21,13]
cost:0
reward:1
