decision:1
size:0
numberOfTrials:72
numberOfBlocks:3
numberOfInstances:24
reward_amount:[1,2,2,1,0.01,2,2,1,1,2,0.01,1,0.01,1,1,0.01,0.01,0.01,2,2,0.01,0.01,1,2,0.01,1,1,1,0.01,0.01,2,1,2,2,0.01,2,2,1,1,2,2,1,0.01,2,0.01,0.01,0.01,1,2,1,1,0.01,2,0.01,0.01,1,2,1,0.01,1,2,0.01,1,0.01,0.01,2,0.01,2,1,1,2,2]
cost_digits:[352,20698,89205,137,4,50276,35190,129,593,69052,6,951,3,617,176,5,0,9,59042,86740,8,1,301,23690,1,358,985,695,9,6,95326,164,16873,74639,0,29435,41705,804,739,02867,98534,704,4,53984,6,3,7,376,75234,730,197,3,23185,5,3,258,30749,149,0,386,95172,2,931,6,7,19480,0,25680,486,476,42837,05983]
instanceRandomization:[14,10,12,13,9,6,4,5,16,11,1,19,22,20,21,2,7,24,17,23,3,18,8,15,21,18,3,9,14,4,5,22,7,24,16,1,19,10,11,2,20,12,13,8,23,15,6,17,18,6,1,11,13,19,20,2,16,4,8,24,22,10,23,17,5,9,12,21,15,7,3,14]
cost:0
reward:1
