decision:1
size:0
numberOfTrials:72
numberOfBlocks:3
numberOfInstances:24
reward_amount:[0.01,1,0.01,2,0.01,1,0.01,1,2,1,0.01,0.01,0.01,2,1,2,1,2,2,0.01,1,1,2,2,2,2,0.01,1,1,0.01,2,0.01,1,1,1,2,0.01,0.01,0.01,2,1,2,2,2,0.01,1,0.01,1,2,1,0.01,1,0.01,0.01,1,2,2,1,2,0.01,1,2,0.01,2,2,0.01,1,0.01,2,1,0.01,1]
cost_digits:[9,149,7,29435,6,137,7,376,19480,301,0,0,3,05983,176,02867,739,30749,95172,1,951,985,98534,20698,42837,23690,9,258,695,6,41705,0,730,593,386,75234,6,3,4,25680,129,16873,35190,89205,3,931,3,804,23185,476,6,486,0,2,197,50276,86740,704,53984,5,164,69052,1,95326,74639,5,358,8,59042,352,4,617]
instanceRandomization:[24,4,5,1,23,13,6,17,9,8,7,12,15,14,21,2,11,16,22,18,19,3,20,10,3,15,14,2,9,17,19,8,6,16,24,18,1,20,13,21,5,7,4,12,11,23,22,10,13,7,4,15,16,10,1,6,23,12,8,2,22,11,21,5,24,19,18,3,17,14,9,20]
cost:0
reward:1
