decision:1
size:0
numberOfTrials:72
numberOfBlocks:3
numberOfInstances:24
reward_amount:[2,1,2,1,0.01,2,2,0.01,2,1,1,1,0.01,1,0.01,1,0.01,2,0.01,0.01,0.01,2,1,2,1,2,1,2,0.01,2,2,1,0.01,0.01,0.01,2,0.01,2,0.01,1,1,2,1,2,1,0.01,0.01,1,2,2,2,1,1,1,2,1,2,1,1,0.01,2,0.01,1,1,0.01,0.01,0.01,0.01,0.01,2,0.01,2]
cost_digits:[35190,352,75234,704,9,59042,30749,1,23185,617,486,730,2,129,3,258,6,19480,6,5,0,42837,164,16873,197,86740,739,25680,1,05983,95326,376,7,3,3,41705,0,53984,3,149,386,02867,137,89205,985,4,0,804,74639,98534,50276,358,476,695,23690,593,95172,176,931,6,20698,7,951,301,6,4,0,5,9,69052,8,29435]
instanceRandomization:[4,14,18,12,24,17,16,21,13,20,15,6,10,5,11,2,1,9,23,19,8,3,22,7,1,23,11,21,18,14,5,17,6,20,15,19,16,8,22,4,24,2,13,12,3,9,7,10,24,20,6,18,7,9,15,16,22,21,23,17,10,5,19,8,4,13,12,2,14,11,3,1]
cost:0
reward:1
