decision:1
size:0
numberOfTrials:72
numberOfBlocks:3
numberOfInstances:24
reward_amount:[1,2,0.01,2,1,2,1,0.01,0.01,1,2,0.01,2,1,0.01,2,1,2,0.01,1,2,1,0.01,0.01,0.01,1,0.01,1,1,1,1,0.01,2,0.01,2,1,2,2,2,1,0.01,1,2,0.01,0.01,0.01,2,2,2,0.01,2,2,0.01,2,2,1,0.01,0.01,0.01,1,1,0.01,2,1,1,1,1,2,1,2,0.01,0.01]
cost_digits:[704,02867,6,23690,376,95172,617,5,0,352,23185,8,69052,730,1,20698,149,19480,1,386,30749,197,7,0,0,137,3,258,695,358,985,6,29435,0,16873,176,86740,74639,50276,129,6,739,41705,3,2,3,05983,53984,75234,3,25680,98534,4,42837,35190,476,9,4,6,593,486,9,95326,931,951,804,164,59042,301,89205,7,5]
instanceRandomization:[12,2,23,15,17,22,20,19,7,14,13,3,11,6,18,10,4,9,21,24,16,1,5,8,16,13,15,2,9,18,3,4,1,12,7,21,23,24,6,5,17,11,19,22,10,20,14,8,18,11,21,20,13,3,4,7,14,9,1,16,15,24,5,23,19,10,22,17,8,12,6,2]
cost:0
reward:1
